image: ISCAS_Museum.pgm
resolution: 0.050000
origin: [-9.725046, -10.937893, 0.000000]
negate: 0
occupied_thresh: 0.65
free_thresh: 0.196

